0 3508 3147
1 4637 806
2 1411 4851
3 5438 77
4 2729 3420
5 57 7320
6 4886 5284
7 1925 5193
8 1754 301
9 6496 7144
10 4165 45
11 4283 2994
12 781 7460
13 1337 3719
14 3160 3696
15 3894 2275
16 7072 5150
17 6606 7470
18 5365 5359
19 3939 1385
20 6611 677
21 7405 211
22 766 3383
23 4723 4500
24 6702 5313
25 7713 6670
26 8044 4727
27 5383 4817
28 7954 1668
29 2278 7614
30 364 1782
31 5095 1398
32 7185 1295
33 1722 6835
34 750 665
35 7944 5673
36 4422 6061
37 7497 4649
38 2571 1985
39 2678 2972
40 3389 6004
41 1761 6147
42 2943 1336
43 6413 4832
44 194 6013
45 4601 3990
46 5535 522
47 5649 3859
48 6471 6331
49 138 7924
50 806 4999
51 6433 4278
52 5410 6681
53 2201 7351
54 2640 3569
55 832 4494
56 6275 2155
57 7481 2868
58 5800 7569
59 981 8027
60 4717 377
61 2556 2083
62 6924 65
63 526 613
64 7828 2607
65 2726 4302
66 3440 3786
67 270 1075
68 905 473
69 1445 6344
70 1753 2476
71 7391 1917
72 5153 760
73 2495 5212
74 4154 3632
75 4637 970
76 6035 1582
77 1527 8134
78 6076 5884
79 1003 3517
80 3395 7270
81 1714 6511
82 543 5791
83 441 176
84 1996 4915
85 5047 5969
86 2265 4801
87 2538 7850
88 5711 4395
89 6287 5838
90 6059 3087
91 3723 4427
92 937 4032
93 2944 560
94 866 4396
95 5791 222
96 6302 3317
97 3888 2085
98 8081 6709
99 6362 5699
100 2232 247
101 4035 1928
102 2558 5816
103 7121 4313
104 241 4751
105 7680 7376
106 6314 4430
107 1029 822
108 5103 4350
109 2554 3722
110 4673 4658
111 362 2029
112 6417 721
113 6720 2896
114 6359 7578
115 1119 4920
116 516 7884
117 5549 1440
118 5088 2764
119 1345 3792
120 3660 1790
121 2929 6432
122 4190 7726
123 6686 2785
124 7285 7617
125 6119 2246
126 7469 2786
127 4938 379
128 1647 2359
129 5244 3701
130 7552 1991
131 488 4458
132 6365 5021
133 3509 673
134 1173 6136
135 691 4599
136 3292 3481
137 1080 5526
138 3002 2092
139 2991 4746
140 6193 2925
141 1122 3072
142 5801 4268
143 3231 8117
144 2395 1714
145 1015 3435
146 641 1741
147 4209 694
148 7058 7212
149 5624 5471
150 2145 4397
151 6424 275
152 6729 2016
153 688 7903
154 3830 1851
155 1926 1877
156 3136 2446
157 3254 3597
158 7468 1752
159 1757 1198
160 5064 69
161 867 3250
162 7232 6682
163 1041 3220
164 7270 3520
165 6169 1175
166 6276 932
167 6818 6178
168 3455 4328
169 7532 7527
170 5678 4388
171 2877 6775
172 3653 665
173 1554 1055
174 6784 2543
175 2671 2514
176 4260 6316
177 1351 1760
178 6586 4845
179 7135 711
180 6009 2292
181 6924 6695
182 3889 4437
183 434 862
184 8156 6322
185 7299 2899
186 7956 4859
187 2088 2424
188 7648 5322
189 2918 6291
190 68 3385
191 686 619
192 6808 7116
193 3941 7986
194 4303 6872
195 2549 4405
196 5078 3238
197 249 3940
198 157 1413
199 4576 7505
200 1422 5028
201 3840 6054
202 3025 6334
203 622 7579
204 339 4900
205 8020 473
206 4492 6757
207 8188 2391
208 2545 1586
209 7735 2369
210 2987 4212
211 7569 1246